123456789123456789123456789123456789123456789123456789123456789123456789123456789123456789123456789
223456789123456789123456789123456789123456789123456789123456789123456789123456789123456789123456789
323456789123456789123456789123456789123456789123456789123456789123456789123456789123456789123456789
423456789123456789123456789123456789123456789123456789123456789123456789123456789123456789123456789
523456789123456789123456789123456789123456789123456789123456789123456789123456789123456789123456789
623456789123456789123456789123456789123456789123456789123456789123456789123456789123456789123456789
723456789123456789123456789123456789123456789123456789123456789123456789123456789123456789123456789
823456789123456789123456789123456789123456789123456789123456789123456789123456789123456789123456789
923456789123456789123456789123456789123456789123456789123456789123456789123456789123456789123456789
023456789123456789123456789123456789123456789123456789123456789123456789123456789123456789123456789
